email,keluhan
danang123@gmail.com,sakit kepala
RagielBakhiitah,pusing
123,Poli Umum - Demam - Dr. Budi
123,Poli Mata - Katarak - Dr. Iwan
